3.3,6.6,11,15.4,19.8,24.2,28.6,33,37.4,41.8
6.6,3.3,6.6,11,15.4,19.8,24.2,28.6,33,37.4
11,6.6,3.3,6.6,11,15.4,19.8,24.2,28.6,33
15.4,11,6.6,3.3,6.6,11,15.4,19.8,24.2,28.6
19.8,15.4,11,6.6,3.3,6.6,11,15.4,19.8,24.2
24.2,19.8,15.4,11,6.6,3.3,6.6,11,15.4,19.8
28.6,24.2,19.8,15.4,11,6.6,3.3,6.6,11,15.4
33,28.6,24.2,19.8,15.4,11,6.6,3.3,6.6,11
37.4,33,28.6,24.2,19.8,15.4,11,6.6,3.3,6.6
41.8,37.4,33,28.6,24.2,19.8,15.4,11,6.6,3.3